"""Standalone VRP instance data extracted from the workbook."""

STOPS = [
    {"stop_id": 1, "customer_name": "Pet Hospital", "demand_kg": 204.0, "earliest": "08:30", "latest": "18:15", "service_min": 29.0},
    {"stop_id": 2, "customer_name": "Community Pharmacy", "demand_kg": 240.0, "earliest": "12:30", "latest": "18:30", "service_min": 11.0},
    {"stop_id": 3, "customer_name": "AutoParts Plus", "demand_kg": 183.0, "earliest": "12:45", "latest": "17:15", "service_min": 17.0},
    {"stop_id": 4, "customer_name": "Furniture Warehouse", "demand_kg": 186.0, "earliest": "08:15", "latest": "14:15", "service_min": 24.0},
    {"stop_id": 5, "customer_name": "Construction Supply", "demand_kg": 201.0, "earliest": "11:45", "latest": "14:45", "service_min": 30.0},
    {"stop_id": 6, "customer_name": "Farm Supply", "demand_kg": 162.0, "earliest": "13:30", "latest": "18:45", "service_min": 21.0},
    {"stop_id": 7, "customer_name": "Fish Market", "demand_kg": 133.0, "earliest": "11:15", "latest": "17:45", "service_min": 19.0},
    {"stop_id": 8, "customer_name": "Swimming Pool Supply", "demand_kg": 285.0, "earliest": "14:45", "latest": "18:45", "service_min": 26.0},
    {"stop_id": 9, "customer_name": "Dry Cleaners", "demand_kg": 24.0, "earliest": "09:00", "latest": "11:30", "service_min": 28.0},
    {"stop_id": 10, "customer_name": "Furniture Warehouse", "demand_kg": 89.0, "earliest": "10:15", "latest": "12:45", "service_min": 11.0},
    {"stop_id": 11, "customer_name": "Pet Hospital", "demand_kg": 108.0, "earliest": "09:00", "latest": "11:00", "service_min": 10.0},
    {"stop_id": 12, "customer_name": "Tech Solutions Inc", "demand_kg": 150.0, "earliest": "08:15", "latest": "13:00", "service_min": 22.0},
    {"stop_id": 13, "customer_name": "Tech Solutions Inc", "demand_kg": 38.0, "earliest": "06:30", "latest": "10:30", "service_min": 20.0},
    {"stop_id": 14, "customer_name": "Community Center", "demand_kg": 249.0, "earliest": "14:00", "latest": "18:15", "service_min": 25.0},
    {"stop_id": 15, "customer_name": "Electronics Outlet", "demand_kg": 72.0, "earliest": "06:45", "latest": "09:45", "service_min": 26.0},
    {"stop_id": 16, "customer_name": "Bookstore", "demand_kg": 152.0, "earliest": "10:45", "latest": "14:15", "service_min": 11.0},
    {"stop_id": 17, "customer_name": "Veterinary Clinic", "demand_kg": 102.0, "earliest": "08:00", "latest": "17:00", "service_min": 17.0},
    {"stop_id": 18, "customer_name": "Furniture Warehouse", "demand_kg": 148.0, "earliest": "07:15", "latest": "13:30", "service_min": 23.0},
    {"stop_id": 19, "customer_name": "Music School", "demand_kg": 97.0, "earliest": "06:45", "latest": "15:00", "service_min": 26.0},
    {"stop_id": 20, "customer_name": "Elementary School", "demand_kg": 71.0, "earliest": "06:15", "latest": "08:15", "service_min": 10.0},
    {"stop_id": 21, "customer_name": "Distillery", "demand_kg": 178.0, "earliest": "14:45", "latest": "16:45", "service_min": 23.0},
    {"stop_id": 22, "customer_name": "Brewery", "demand_kg": 46.0, "earliest": "12:15", "latest": "15:30", "service_min": 10.0},
    {"stop_id": 23, "customer_name": "Distillery", "demand_kg": 207.0, "earliest": "10:30", "latest": "18:45", "service_min": 13.0},
    {"stop_id": 24, "customer_name": "Children's Academy", "demand_kg": 28.0, "earliest": "13:00", "latest": "18:45", "service_min": 16.0},
    {"stop_id": 25, "customer_name": "Public Library", "demand_kg": 32.0, "earliest": "11:30", "latest": "15:15", "service_min": 25.0},
    {"stop_id": 26, "customer_name": "Bakery & Cafe", "demand_kg": 211.0, "earliest": "12:45", "latest": "15:45", "service_min": 13.0},
    {"stop_id": 27, "customer_name": "Veterinary Clinic", "demand_kg": 61.0, "earliest": "11:45", "latest": "13:00", "service_min": 29.0},
    {"stop_id": 28, "customer_name": "Food Bank", "demand_kg": 168.0, "earliest": "11:45", "latest": "14:30", "service_min": 25.0},
]

VEHICLES = [
    {"vehicle_id": 1, "vehicle_type": "Small Van", "capacity_kg": 600.0, "cost_per_mile": 0.5, "fixed_daily_cost": 85.0, "available_from": "06:00", "available_until": "20:00"},
    {"vehicle_id": 2, "vehicle_type": "Small Van", "capacity_kg": 600.0, "cost_per_mile": 0.5, "fixed_daily_cost": 85.0, "available_from": "06:00", "available_until": "20:00"},
    {"vehicle_id": 3, "vehicle_type": "Medium Truck", "capacity_kg": 1400.0, "cost_per_mile": 0.8, "fixed_daily_cost": 130.0, "available_from": "06:00", "available_until": "20:00"},
    {"vehicle_id": 4, "vehicle_type": "Medium Truck", "capacity_kg": 1400.0, "cost_per_mile": 0.8, "fixed_daily_cost": 130.0, "available_from": "06:00", "available_until": "20:00"},
    {"vehicle_id": 5, "vehicle_type": "Large Truck", "capacity_kg": 2800.0, "cost_per_mile": 1.2, "fixed_daily_cost": 200.0, "available_from": "06:00", "available_until": "20:00"},
]

COST_PARAMETERS = {
    "Fuel_Cost_per_Liter": 1.98,
    "Avg_Fuel_Consumption_L_per_mile": 0.18,
    "Driver_Hourly_Wage": 22.0,
    "Late_Delivery_Penalty_per_Hour": 61.0,
    "Early_Delivery_Penalty": 0.0,
    "Overtime_Hourly_Rate": 33.0,
    "Vehicle_Idle_Cost_per_Hour": 6.0,
    "Regular_Hours_Before_Overtime": 8.0,
}

DEPOT_OPEN = "06:00"
DEPOT_CLOSE = "20:00"
BIG_M = 1440.0

DISTANCE_MATRIX = [
    [0.0, 24.68, 2.8, 19.3, 8.46, 16.04, 4.67, 10.63, 25.87, 14.44, 7.45, 1.35, 8.72, 23.26, 14.86, 1.25, 4.12, 25.97, 5.26, 20.84, 23.63, 20.67, 25.53, 4.74, 18.78, 14.09, 24.09, 21.73, 23.04],
    [24.68, 0.0, 22.47, 17.0, 27.84, 36.49, 28.17, 35.21, 33.79, 10.26, 32.11, 23.5, 33.39, 46.57, 38.65, 24.94, 27.64, 49.91, 26.23, 9.63, 30.99, 26.06, 47.62, 19.94, 26.2, 38.77, 48.49, 45.95, 45.27],
    [2.8, 22.47, 0.0, 18.99, 10.74, 18.72, 7.45, 12.75, 27.38, 12.38, 9.76, 1.48, 11.18, 24.64, 17.62, 2.53, 5.24, 28.66, 7.57, 19.53, 24.99, 21.59, 26.48, 2.88, 19.86, 16.49, 26.68, 24.38, 24.01],
    [19.3, 17.0, 18.99, 0.0, 16.71, 23.46, 19.98, 28.72, 16.8, 12.66, 25.51, 18.93, 26.08, 42.16, 28.35, 20.33, 23.41, 38.78, 17.11, 7.44, 14.02, 9.14, 44.76, 16.33, 9.66, 30.89, 38.46, 35.65, 42.27],
    [8.46, 27.84, 10.74, 16.71, 0.0, 8.88, 5.13, 13.13, 18.1, 18.04, 10.36, 9.41, 10.32, 26.66, 11.71, 9.62, 11.3, 22.57, 3.21, 21.18, 16.21, 14.4, 29.96, 10.72, 12.25, 14.45, 21.86, 19.09, 27.56],
    [16.04, 36.49, 18.72, 23.46, 8.88, 0.0, 11.45, 14.7, 17.65, 26.88, 13.64, 17.26, 12.51, 26.21, 7.79, 16.92, 17.31, 15.65, 11.47, 29.12, 17.08, 17.85, 30.35, 19.32, 15.81, 13.34, 16.17, 13.39, 28.26],
    [4.67, 28.17, 7.45, 19.98, 5.13, 11.45, 0.0, 8.76, 23.23, 17.93, 5.64, 5.97, 6.1, 22.31, 10.59, 5.47, 6.34, 21.85, 2.92, 23.03, 21.32, 19.2, 25.3, 8.75, 17.11, 11.16, 20.33, 17.79, 22.85],
    [10.63, 35.21, 12.75, 28.72, 13.13, 14.7, 8.76, 0.0, 30.46, 25.03, 3.27, 11.72, 2.81, 13.59, 8.53, 10.27, 7.81, 17.41, 11.68, 31.28, 28.96, 27.52, 16.86, 15.3, 25.37, 4.2, 14.72, 12.94, 14.49],
    [25.87, 33.79, 27.38, 16.8, 18.1, 17.65, 23.23, 30.46, 0.0, 27.7, 28.16, 26.42, 27.73, 43.32, 25.31, 27.12, 29.28, 32.15, 20.92, 24.24, 2.85, 7.77, 47.15, 25.97, 8.28, 30.37, 33.44, 30.78, 44.87],
    [14.44, 10.26, 12.38, 12.66, 18.04, 26.88, 17.93, 25.03, 27.7, 0.0, 21.89, 13.31, 23.14, 36.86, 28.46, 14.78, 17.61, 39.74, 16.12, 8.8, 24.86, 20.09, 38.32, 9.73, 19.46, 28.52, 38.25, 35.72, 35.89],
    [7.45, 32.11, 9.76, 25.51, 10.36, 13.64, 5.64, 3.27, 28.16, 21.89, 0.0, 8.61, 1.63, 16.69, 9.11, 7.23, 5.26, 19.37, 8.56, 28.01, 26.48, 24.71, 19.69, 12.17, 22.58, 6.73, 17.07, 14.96, 17.25],
    [1.35, 23.5, 1.48, 18.93, 9.41, 17.26, 5.97, 11.72, 26.42, 13.31, 8.61, 0.0, 9.95, 24.04, 16.2, 1.53, 4.63, 27.3, 6.21, 20.03, 24.09, 20.9, 26.11, 3.58, 19.09, 15.31, 25.39, 23.04, 23.63],
    [8.72, 33.39, 11.18, 26.08, 10.32, 12.51, 6.1, 2.81, 27.73, 23.14, 1.63, 9.95, 0.0, 16.37, 7.51, 8.65, 6.87, 17.77, 8.99, 28.95, 26.18, 24.71, 19.67, 13.46, 22.55, 5.38, 15.54, 13.37, 17.29],
    [23.26, 46.57, 24.64, 42.16, 26.66, 26.21, 22.31, 13.59, 43.32, 36.86, 16.69, 24.04, 16.37, 0.0, 18.48, 22.51, 19.44, 19.76, 25.23, 44.07, 42.1, 41.02, 4.61, 27.48, 38.84, 12.97, 16.08, 16.75, 3.8],
    [14.86, 38.65, 17.62, 28.35, 11.71, 7.79, 10.59, 8.53, 25.31, 28.46, 9.11, 16.2, 7.51, 18.48, 0.0, 15.22, 14.16, 11.27, 12.47, 32.76, 24.48, 24.47, 22.72, 19.31, 22.31, 5.87, 10.16, 7.42, 20.72],
    [1.25, 24.94, 2.53, 20.33, 9.62, 16.92, 5.47, 10.27, 27.12, 14.78, 7.23, 1.53, 8.65, 22.51, 15.22, 0.0, 3.12, 26.19, 6.44, 21.56, 24.89, 21.91, 24.61, 5.08, 20.03, 13.96, 24.16, 21.88, 22.13],
    [4.12, 27.64, 5.24, 23.41, 11.3, 17.31, 6.34, 7.81, 29.28, 17.61, 5.26, 4.63, 6.87, 19.44, 14.16, 3.12, 0.0, 24.63, 8.36, 24.64, 27.19, 24.53, 21.49, 8.05, 22.56, 11.81, 22.28, 20.21, 19.0],
    [25.97, 49.91, 28.66, 38.78, 22.57, 15.65, 21.85, 17.41, 32.15, 39.74, 19.37, 27.3, 17.77, 19.76, 11.27, 26.19, 24.63, 0.0, 23.7, 43.75, 32.18, 33.47, 24.33, 30.52, 31.46, 13.24, 3.69, 4.46, 23.28],
    [5.26, 26.23, 7.57, 17.11, 3.21, 11.47, 2.92, 11.68, 20.92, 16.12, 8.56, 6.21, 8.99, 25.23, 12.47, 6.44, 8.36, 23.7, 0.0, 20.49, 18.84, 16.44, 28.2, 7.85, 14.39, 13.87, 22.51, 19.86, 25.74],
    [20.84, 9.63, 19.53, 7.44, 21.18, 29.12, 23.03, 31.28, 24.24, 8.8, 28.01, 20.03, 28.95, 44.07, 32.76, 21.56, 24.64, 43.75, 20.49, 0.0, 21.46, 16.57, 46.01, 16.65, 16.93, 34.18, 42.91, 40.18, 43.54],
    [23.63, 30.99, 24.99, 14.02, 16.21, 17.08, 21.32, 28.96, 2.85, 24.86, 26.48, 24.09, 26.18, 42.1, 24.48, 24.89, 27.19, 32.18, 18.84, 21.46, 0.0, 4.94, 45.77, 23.44, 5.5, 29.22, 33.17, 30.43, 43.44],
    [20.67, 26.06, 21.59, 9.14, 14.4, 17.85, 19.2, 27.52, 7.77, 20.09, 24.71, 20.9, 24.71, 41.02, 24.47, 21.91, 24.53, 33.47, 16.44, 16.57, 4.94, 0.0, 44.36, 19.69, 2.19, 28.49, 33.93, 31.11, 41.95],
    [25.53, 47.62, 26.48, 44.76, 29.96, 30.35, 25.3, 16.86, 47.15, 38.32, 19.69, 26.11, 19.67, 4.61, 22.72, 24.61, 21.49, 24.33, 28.2, 46.01, 45.77, 44.36, 0.0, 29.36, 42.21, 17.01, 20.66, 21.36, 2.49],
    [4.74, 19.94, 2.88, 16.33, 10.72, 19.32, 8.75, 15.3, 25.97, 9.73, 12.17, 3.58, 13.46, 27.48, 19.31, 5.08, 8.05, 30.52, 7.85, 16.65, 23.44, 19.69, 29.36, 0.0, 18.12, 18.83, 28.77, 26.35, 26.89],
    [18.78, 26.2, 19.86, 9.66, 12.25, 15.81, 17.11, 25.37, 8.28, 19.46, 22.58, 19.09, 22.55, 38.84, 22.31, 20.03, 22.56, 31.46, 14.39, 16.93, 5.5, 2.19, 42.21, 18.12, 0.0, 26.3, 31.83, 29.01, 39.81],
    [14.09, 38.77, 16.49, 30.89, 14.45, 13.34, 11.16, 4.2, 30.37, 28.52, 6.73, 15.31, 5.38, 12.97, 5.87, 13.96, 11.81, 13.24, 13.87, 34.18, 29.22, 28.49, 17.01, 18.83, 26.3, 0.0, 10.53, 8.78, 14.93],
    [24.09, 48.49, 26.68, 38.46, 21.86, 16.17, 20.33, 14.72, 33.44, 38.25, 17.07, 25.39, 15.54, 16.08, 10.16, 24.16, 22.28, 3.69, 22.51, 42.91, 33.17, 33.93, 20.66, 28.77, 31.83, 10.53, 0.0, 2.83, 19.59],
    [21.73, 45.95, 24.38, 35.65, 19.09, 13.39, 17.79, 12.94, 30.78, 35.72, 14.96, 23.04, 13.37, 16.75, 7.42, 21.88, 20.21, 4.46, 19.86, 40.18, 30.43, 31.11, 21.36, 26.35, 29.01, 8.78, 2.83, 0.0, 19.99],
    [23.04, 45.27, 24.01, 42.27, 27.56, 28.26, 22.85, 14.49, 44.87, 35.89, 17.25, 23.63, 17.29, 3.8, 20.72, 22.13, 19.0, 23.28, 25.74, 43.54, 43.44, 41.95, 2.49, 26.89, 39.81, 14.93, 19.59, 19.99, 0.0],
]

TRAVEL_TIME_MATRIX = [
    [0.0, 37.0, 4.2, 29.0, 12.7, 24.1, 7.0, 15.9, 38.8, 21.7, 11.2, 2.0, 13.1, 34.9, 22.3, 1.9, 6.2, 39.0, 7.9, 31.3, 35.4, 31.0, 38.3, 7.1, 28.2, 21.1, 36.1, 32.6, 34.6],
    [37.0, 0.0, 33.7, 25.5, 41.8, 54.7, 42.3, 52.8, 50.7, 15.4, 48.2, 35.2, 50.1, 69.9, 58.0, 37.4, 41.5, 74.9, 39.3, 14.4, 46.5, 39.1, 71.4, 29.9, 39.3, 58.2, 72.7, 68.9, 67.9],
    [4.2, 33.7, 0.0, 28.5, 16.1, 28.1, 11.2, 19.1, 41.1, 18.6, 14.6, 2.2, 16.8, 37.0, 26.4, 3.8, 7.9, 43.0, 11.4, 29.3, 37.5, 32.4, 39.7, 4.3, 29.8, 24.7, 40.0, 36.6, 36.0],
    [29.0, 25.5, 28.5, 0.0, 25.1, 35.2, 30.0, 43.1, 25.2, 19.0, 38.3, 28.4, 39.1, 63.2, 42.5, 30.5, 35.1, 58.2, 25.7, 11.2, 21.0, 13.7, 67.1, 24.5, 14.5, 46.3, 57.7, 53.5, 63.4],
    [12.7, 41.8, 16.1, 25.1, 0.0, 13.3, 7.7, 19.7, 27.2, 27.1, 15.5, 14.1, 15.5, 40.0, 17.6, 14.4, 17.0, 33.9, 4.8, 31.8, 24.3, 21.6, 44.9, 16.1, 18.4, 21.7, 32.8, 28.6, 41.3],
    [24.1, 54.7, 28.1, 35.2, 13.3, 0.0, 17.2, 22.1, 26.5, 40.3, 20.5, 25.9, 18.8, 39.3, 11.7, 25.4, 26.0, 23.5, 17.2, 43.7, 25.6, 26.8, 45.5, 29.0, 23.7, 20.0, 24.3, 20.1, 42.4],
    [7.0, 42.3, 11.2, 30.0, 7.7, 17.2, 0.0, 13.1, 34.8, 26.9, 8.5, 9.0, 9.2, 33.5, 15.9, 8.2, 9.5, 32.8, 4.4, 34.5, 32.0, 28.8, 38.0, 13.1, 25.7, 16.7, 30.5, 26.7, 34.3],
    [15.9, 52.8, 19.1, 43.1, 19.7, 22.1, 13.1, 0.0, 45.7, 37.5, 4.9, 17.6, 4.2, 20.4, 12.8, 15.4, 11.7, 26.1, 17.5, 46.9, 43.4, 41.3, 25.3, 22.9, 38.1, 6.3, 22.1, 19.4, 21.7],
    [38.8, 50.7, 41.1, 25.2, 27.2, 26.5, 34.8, 45.7, 0.0, 41.5, 42.2, 39.6, 41.6, 65.0, 38.0, 40.7, 43.9, 48.2, 31.4, 36.4, 4.3, 11.7, 70.7, 39.0, 12.4, 45.6, 50.2, 46.2, 67.3],
    [21.7, 15.4, 18.6, 19.0, 27.1, 40.3, 26.9, 37.5, 41.5, 0.0, 32.8, 20.0, 34.7, 55.3, 42.7, 22.2, 26.4, 59.6, 24.2, 13.2, 37.3, 30.1, 57.5, 14.6, 29.2, 42.8, 57.4, 53.6, 53.8],
    [11.2, 48.2, 14.6, 38.3, 15.5, 20.5, 8.5, 4.9, 42.2, 32.8, 0.0, 12.9, 2.4, 25.0, 13.7, 10.8, 7.9, 29.1, 12.8, 42.0, 39.7, 37.1, 29.5, 18.3, 33.9, 10.1, 25.6, 22.4, 25.9],
    [2.0, 35.2, 2.2, 28.4, 14.1, 25.9, 9.0, 17.6, 39.6, 20.0, 12.9, 0.0, 14.9, 36.1, 24.3, 2.3, 6.9, 41.0, 9.3, 30.0, 36.1, 31.3, 39.2, 5.4, 28.6, 23.0, 38.1, 34.6, 35.4],
    [13.1, 50.1, 16.8, 39.1, 15.5, 18.8, 9.2, 4.2, 41.6, 34.7, 2.4, 14.9, 0.0, 24.6, 11.3, 13.0, 10.3, 26.7, 13.5, 43.4, 39.3, 37.1, 29.5, 20.2, 33.8, 8.1, 23.3, 20.1, 25.9],
    [34.9, 69.9, 37.0, 63.2, 40.0, 39.3, 33.5, 20.4, 65.0, 55.3, 25.0, 36.1, 24.6, 0.0, 27.7, 33.8, 29.2, 29.6, 37.8, 66.1, 63.1, 61.5, 6.9, 41.2, 58.3, 19.5, 24.1, 25.1, 5.7],
    [22.3, 58.0, 26.4, 42.5, 17.6, 11.7, 15.9, 12.8, 38.0, 42.7, 13.7, 24.3, 11.3, 27.7, 0.0, 22.8, 21.2, 16.9, 18.7, 49.1, 36.7, 36.7, 34.1, 29.0, 33.5, 8.8, 15.2, 11.1, 31.1],
    [1.9, 37.4, 3.8, 30.5, 14.4, 25.4, 8.2, 15.4, 40.7, 22.2, 10.8, 2.3, 13.0, 33.8, 22.8, 0.0, 4.7, 39.3, 9.7, 32.3, 37.3, 32.9, 36.9, 7.6, 30.0, 20.9, 36.2, 32.8, 33.2],
    [6.2, 41.5, 7.9, 35.1, 17.0, 26.0, 9.5, 11.7, 43.9, 26.4, 7.9, 6.9, 10.3, 29.2, 21.2, 4.7, 0.0, 36.9, 12.5, 37.0, 40.8, 36.8, 32.2, 12.1, 33.8, 17.7, 33.4, 30.3, 28.5],
    [39.0, 74.9, 43.0, 58.2, 33.9, 23.5, 32.8, 26.1, 48.2, 59.6, 29.1, 41.0, 26.7, 29.6, 16.9, 39.3, 36.9, 0.0, 35.6, 65.6, 48.3, 50.2, 36.5, 45.8, 47.2, 19.9, 5.5, 6.7, 34.9],
    [7.9, 39.3, 11.4, 25.7, 4.8, 17.2, 4.4, 17.5, 31.4, 24.2, 12.8, 9.3, 13.5, 37.8, 18.7, 9.7, 12.5, 35.6, 0.0, 30.7, 28.3, 24.7, 42.3, 11.8, 21.6, 20.8, 33.8, 29.8, 38.6],
    [31.3, 14.4, 29.3, 11.2, 31.8, 43.7, 34.5, 46.9, 36.4, 13.2, 42.0, 30.0, 43.4, 66.1, 49.1, 32.3, 37.0, 65.6, 30.7, 0.0, 32.2, 24.9, 69.0, 25.0, 25.4, 51.3, 64.4, 60.3, 65.3],
    [35.4, 46.5, 37.5, 21.0, 24.3, 25.6, 32.0, 43.4, 4.3, 37.3, 39.7, 36.1, 39.3, 63.1, 36.7, 37.3, 40.8, 48.3, 28.3, 32.2, 0.0, 7.4, 68.7, 35.2, 8.2, 43.8, 49.8, 45.6, 65.2],
    [31.0, 39.1, 32.4, 13.7, 21.6, 26.8, 28.8, 41.3, 11.7, 30.1, 37.1, 31.3, 37.1, 61.5, 36.7, 32.9, 36.8, 50.2, 24.7, 24.9, 7.4, 0.0, 66.5, 29.5, 3.3, 42.7, 50.9, 46.7, 62.9],
    [38.3, 71.4, 39.7, 67.1, 44.9, 45.5, 38.0, 25.3, 70.7, 57.5, 29.5, 39.2, 29.5, 6.9, 34.1, 36.9, 32.2, 36.5, 42.3, 69.0, 68.7, 66.5, 0.0, 44.0, 63.3, 25.5, 31.0, 32.0, 3.7],
    [7.1, 29.9, 4.3, 24.5, 16.1, 29.0, 13.1, 22.9, 39.0, 14.6, 18.3, 5.4, 20.2, 41.2, 29.0, 7.6, 12.1, 45.8, 11.8, 25.0, 35.2, 29.5, 44.0, 0.0, 27.2, 28.2, 43.2, 39.5, 40.3],
    [28.2, 39.3, 29.8, 14.5, 18.4, 23.7, 25.7, 38.1, 12.4, 29.2, 33.9, 28.6, 33.8, 58.3, 33.5, 30.0, 33.8, 47.2, 21.6, 25.4, 8.2, 3.3, 63.3, 27.2, 0.0, 39.4, 47.7, 43.5, 59.7],
    [21.1, 58.2, 24.7, 46.3, 21.7, 20.0, 16.7, 6.3, 45.6, 42.8, 10.1, 23.0, 8.1, 19.5, 8.8, 20.9, 17.7, 19.9, 20.8, 51.3, 43.8, 42.7, 25.5, 28.2, 39.4, 0.0, 15.8, 13.2, 22.4],
    [36.1, 72.7, 40.0, 57.7, 32.8, 24.3, 30.5, 22.1, 50.2, 57.4, 25.6, 38.1, 23.3, 24.1, 15.2, 36.2, 33.4, 5.5, 33.8, 64.4, 49.8, 50.9, 31.0, 43.2, 47.7, 15.8, 0.0, 4.2, 29.4],
    [32.6, 68.9, 36.6, 53.5, 28.6, 20.1, 26.7, 19.4, 46.2, 53.6, 22.4, 34.6, 20.1, 25.1, 11.1, 32.8, 30.3, 6.7, 29.8, 60.3, 45.6, 46.7, 32.0, 39.5, 43.5, 13.2, 4.2, 0.0, 30.0],
    [34.6, 67.9, 36.0, 63.4, 41.3, 42.4, 34.3, 21.7, 67.3, 53.8, 25.9, 35.4, 25.9, 5.7, 31.1, 33.2, 28.5, 34.9, 38.6, 65.3, 65.2, 62.9, 3.7, 40.3, 59.7, 22.4, 29.4, 30.0, 0.0],
]
